308 -8.029999999999999716e+01 1.306543659176122958e+02 0.000000000000000000e+00
309 -6.570000000000000284e+01 1.306543659176122958e+02 0.000000000000000000e+00
310 -5.109999999999999432e+01 1.306543659176122958e+02 0.000000000000000000e+00
311 -3.650000000000000000e+01 1.306543659176122958e+02 0.000000000000000000e+00
312 -2.189999999999999858e+01 1.306543659176122958e+02 0.000000000000000000e+00
313 -7.299999999999999822e+00 1.306543659176122958e+02 0.000000000000000000e+00
314  7.299999999999999822e+00 1.306543659176122958e+02 0.000000000000000000e+00
315  2.189999999999999858e+01 1.306543659176122958e+02 0.000000000000000000e+00
316  3.650000000000000000e+01 1.306543659176122958e+02 0.000000000000000000e+00
317  5.110000000000000142e+01 1.306543659176122958e+02 0.000000000000000000e+00
318  6.570000000000000284e+01 1.306543659176122958e+02 0.000000000000000000e+00
295 -8.759999999999999432e+01 1.180103950223595035e+02 0.000000000000000000e+00
296 -7.300000000000000000e+01 1.180103950223595035e+02 0.000000000000000000e+00
297 -5.839999999999999858e+01 1.180103950223595035e+02 0.000000000000000000e+00
298 -4.379999999999999716e+01 1.180103950223595035e+02 0.000000000000000000e+00
299 -2.919999999999999929e+01 1.180103950223595035e+02 0.000000000000000000e+00
300 -1.459999999999999964e+01 1.180103950223595035e+02 0.000000000000000000e+00
301  0.000000000000000000e+00 1.180103950223595035e+02 0.000000000000000000e+00
302  1.459999999999999787e+01 1.180103950223595035e+02 0.000000000000000000e+00
303  2.919999999999999929e+01 1.180103950223595035e+02 0.000000000000000000e+00
304  4.380000000000000426e+01 1.180103950223595035e+02 0.000000000000000000e+00
305  5.840000000000000568e+01 1.180103950223595035e+02 0.000000000000000000e+00
319  8.029999999999999716e+01 1.222250519874437629e+02 0.000000000000000000e+00
281 -9.489999999999999147e+01 1.053664241271066970e+02 0.000000000000000000e+00
282 -8.029999999999999716e+01 1.053664241271066970e+02 0.000000000000000000e+00
283 -6.570000000000000284e+01 1.053664241271066970e+02 0.000000000000000000e+00
284 -5.109999999999999432e+01 1.053664241271066970e+02 0.000000000000000000e+00
285 -3.650000000000000000e+01 1.053664241271066970e+02 0.000000000000000000e+00
286 -2.189999999999999858e+01 1.053664241271066970e+02 0.000000000000000000e+00
287 -7.299999999999999822e+00 1.053664241271066970e+02 0.000000000000000000e+00
288  7.299999999999999822e+00 1.053664241271066970e+02 0.000000000000000000e+00
289  2.189999999999999858e+01 1.053664241271066970e+02 0.000000000000000000e+00
290  3.650000000000000000e+01 1.053664241271066970e+02 0.000000000000000000e+00
291  5.110000000000000142e+01 1.053664241271066970e+02 0.000000000000000000e+00
306  7.300000000000000000e+01 1.095810810921909564e+02 0.000000000000000000e+00
307  8.759999999999999432e+01 1.095810810921909564e+02 0.000000000000000000e+00
266 -1.021999999999999886e+02 9.272245323185390475e+01 0.000000000000000000e+00
267 -8.759999999999999432e+01 9.272245323185390475e+01 0.000000000000000000e+00
268 -7.300000000000000000e+01 9.272245323185390475e+01 0.000000000000000000e+00
269 -5.839999999999999858e+01 9.272245323185390475e+01 0.000000000000000000e+00
270 -4.379999999999999716e+01 9.272245323185390475e+01 0.000000000000000000e+00
271 -2.919999999999999929e+01 9.272245323185390475e+01 0.000000000000000000e+00
272 -1.459999999999999964e+01 9.272245323185390475e+01 0.000000000000000000e+00
273  0.000000000000000000e+00 9.272245323185390475e+01 0.000000000000000000e+00
274  1.459999999999999787e+01 9.272245323185390475e+01 0.000000000000000000e+00
275  2.919999999999999929e+01 9.272245323185390475e+01 0.000000000000000000e+00
276  4.380000000000000426e+01 9.272245323185390475e+01 0.000000000000000000e+00
292  6.570000000000000284e+01 9.693711019693816411e+01 0.000000000000000000e+00
293  8.029999999999999716e+01 9.693711019693816411e+01 0.000000000000000000e+00
294  9.489999999999999147e+01 9.693711019693816411e+01 0.000000000000000000e+00
250 -1.095000000000000000e+02 8.007848233660108406e+01 0.000000000000000000e+00
251 -9.489999999999999147e+01 8.007848233660108406e+01 0.000000000000000000e+00
252 -8.029999999999999716e+01 8.007848233660108406e+01 0.000000000000000000e+00
253 -6.570000000000000284e+01 8.007848233660108406e+01 0.000000000000000000e+00
254 -5.109999999999999432e+01 8.007848233660108406e+01 0.000000000000000000e+00
255 -3.650000000000000000e+01 8.007848233660108406e+01 0.000000000000000000e+00
256 -2.189999999999999858e+01 8.007848233660108406e+01 0.000000000000000000e+00
257 -7.299999999999999822e+00 8.007848233660108406e+01 0.000000000000000000e+00
258  7.299999999999999822e+00 8.007848233660108406e+01 0.000000000000000000e+00
259  2.189999999999999858e+01 8.007848233660108406e+01 0.000000000000000000e+00
260  3.650000000000000000e+01 8.007848233660108406e+01 0.000000000000000000e+00
277  5.839999999999999858e+01 8.429313930168534341e+01 0.000000000000000000e+00
278  7.300000000000000000e+01 8.429313930168534341e+01 0.000000000000000000e+00
279  8.759999999999999432e+01 8.429313930168534341e+01 0.000000000000000000e+00
280  1.022000000000000028e+02 8.429313930168534341e+01 0.000000000000000000e+00
233 -1.167999999999999972e+02 6.743451144134829178e+01 0.000000000000000000e+00
234 -1.021999999999999886e+02 6.743451144134829178e+01 0.000000000000000000e+00
235 -8.759999999999999432e+01 6.743451144134829178e+01 0.000000000000000000e+00
236 -7.300000000000000000e+01 6.743451144134829178e+01 0.000000000000000000e+00
237 -5.839999999999999858e+01 6.743451144134829178e+01 0.000000000000000000e+00
238 -4.379999999999999716e+01 6.743451144134829178e+01 0.000000000000000000e+00
239 -2.919999999999999929e+01 6.743451144134829178e+01 0.000000000000000000e+00
240 -1.459999999999999964e+01 6.743451144134829178e+01 0.000000000000000000e+00
241  0.000000000000000000e+00 6.743451144134829178e+01 0.000000000000000000e+00
242  1.459999999999999787e+01 6.743451144134829178e+01 0.000000000000000000e+00
243  2.919999999999999929e+01 6.743451144134829178e+01 0.000000000000000000e+00
261  5.110000000000000142e+01 7.164916840643255114e+01 0.000000000000000000e+00
262  6.570000000000000284e+01 7.164916840643255114e+01 0.000000000000000000e+00
263  8.029999999999999716e+01 7.164916840643255114e+01 0.000000000000000000e+00
264  9.489999999999999147e+01 7.164916840643255114e+01 0.000000000000000000e+00
265  1.095000000000000000e+02 7.164916840643255114e+01 0.000000000000000000e+00
215 -1.240999999999999943e+02 5.479054054609548530e+01 0.000000000000000000e+00
216 -1.095000000000000000e+02 5.479054054609548530e+01 0.000000000000000000e+00
217 -9.489999999999999147e+01 5.479054054609548530e+01 0.000000000000000000e+00
218 -8.029999999999999716e+01 5.479054054609548530e+01 0.000000000000000000e+00
219 -6.570000000000000284e+01 5.479054054609548530e+01 0.000000000000000000e+00
220 -5.109999999999999432e+01 5.479054054609548530e+01 0.000000000000000000e+00
221 -3.650000000000000000e+01 5.479054054609548530e+01 0.000000000000000000e+00
222 -2.189999999999999858e+01 5.479054054609548530e+01 0.000000000000000000e+00
223 -7.299999999999999822e+00 5.479054054609548530e+01 0.000000000000000000e+00
224  7.299999999999999822e+00 5.479054054609548530e+01 0.000000000000000000e+00
225  2.189999999999999858e+01 5.479054054609548530e+01 0.000000000000000000e+00
244  4.379999999999999716e+01 5.900519751117974465e+01 0.000000000000000000e+00
245  5.839999999999999858e+01 5.900519751117974465e+01 0.000000000000000000e+00
246  7.300000000000000000e+01 5.900519751117974465e+01 0.000000000000000000e+00
247  8.759999999999999432e+01 5.900519751117974465e+01 0.000000000000000000e+00
248  1.022000000000000028e+02 5.900519751117974465e+01 0.000000000000000000e+00
249  1.167999999999999972e+02 5.900519751117974465e+01 0.000000000000000000e+00
196 -1.314000000000000057e+02 4.214656965084267881e+01 0.000000000000000000e+00
197 -1.167999999999999972e+02 4.214656965084267881e+01 0.000000000000000000e+00
198 -1.021999999999999886e+02 4.214656965084267881e+01 0.000000000000000000e+00
199 -8.759999999999999432e+01 4.214656965084267881e+01 0.000000000000000000e+00
200 -7.300000000000000000e+01 4.214656965084267881e+01 0.000000000000000000e+00
201 -5.839999999999999858e+01 4.214656965084267881e+01 0.000000000000000000e+00
202 -4.379999999999999716e+01 4.214656965084267881e+01 0.000000000000000000e+00
203 -2.919999999999999929e+01 4.214656965084267881e+01 0.000000000000000000e+00
204 -1.459999999999999964e+01 4.214656965084267881e+01 0.000000000000000000e+00
205  0.000000000000000000e+00 4.214656965084267881e+01 0.000000000000000000e+00
206  1.459999999999999787e+01 4.214656965084267881e+01 0.000000000000000000e+00
226  3.650000000000000000e+01 4.636122661592693817e+01 0.000000000000000000e+00
227  5.110000000000000142e+01 4.636122661592693817e+01 0.000000000000000000e+00
228  6.570000000000000284e+01 4.636122661592693817e+01 0.000000000000000000e+00
229  8.029999999999999716e+01 4.636122661592693817e+01 0.000000000000000000e+00
230  9.489999999999999147e+01 4.636122661592693817e+01 0.000000000000000000e+00
231  1.095000000000000000e+02 4.636122661592693817e+01 0.000000000000000000e+00
232  1.240999999999999943e+02 4.636122661592693817e+01 0.000000000000000000e+00
176 -1.387000000000000171e+02 2.950259875558987233e+01 0.000000000000000000e+00
177 -1.240999999999999943e+02 2.950259875558987233e+01 0.000000000000000000e+00
178 -1.095000000000000000e+02 2.950259875558987233e+01 0.000000000000000000e+00
179 -9.489999999999999147e+01 2.950259875558987233e+01 0.000000000000000000e+00
180 -8.029999999999999716e+01 2.950259875558987233e+01 0.000000000000000000e+00
181 -6.570000000000000284e+01 2.950259875558987233e+01 0.000000000000000000e+00
182 -5.109999999999999432e+01 2.950259875558987233e+01 0.000000000000000000e+00
183 -3.650000000000000000e+01 2.950259875558987233e+01 0.000000000000000000e+00
184 -2.189999999999999858e+01 2.950259875558987233e+01 0.000000000000000000e+00
185 -7.299999999999999822e+00 2.950259875558987233e+01 0.000000000000000000e+00
186  7.299999999999999822e+00 2.950259875558987233e+01 0.000000000000000000e+00
207  2.919999999999999929e+01 3.371725572067413879e+01 0.000000000000000000e+00
208  4.379999999999999716e+01 3.371725572067413879e+01 0.000000000000000000e+00
209  5.839999999999999858e+01 3.371725572067413879e+01 0.000000000000000000e+00
210  7.300000000000000000e+01 3.371725572067413879e+01 0.000000000000000000e+00
211  8.759999999999999432e+01 3.371725572067413879e+01 0.000000000000000000e+00
212  1.022000000000000028e+02 3.371725572067413879e+01 0.000000000000000000e+00
213  1.167999999999999972e+02 3.371725572067413879e+01 0.000000000000000000e+00
214  1.314000000000000057e+02 3.371725572067413879e+01 0.000000000000000000e+00
155 -1.460000000000000000e+02 1.685862786033707295e+01 0.000000000000000000e+00
156 -1.314000000000000057e+02 1.685862786033707295e+01 0.000000000000000000e+00
157 -1.167999999999999972e+02 1.685862786033707295e+01 0.000000000000000000e+00
158 -1.021999999999999886e+02 1.685862786033707295e+01 0.000000000000000000e+00
159 -8.759999999999999432e+01 1.685862786033707295e+01 0.000000000000000000e+00
160 -7.300000000000000000e+01 1.685862786033707295e+01 0.000000000000000000e+00
161 -5.839999999999999858e+01 1.685862786033707295e+01 0.000000000000000000e+00
162 -4.379999999999999716e+01 1.685862786033707295e+01 0.000000000000000000e+00
163 -2.919999999999999929e+01 1.685862786033707295e+01 0.000000000000000000e+00
164 -1.459999999999999964e+01 1.685862786033707295e+01 0.000000000000000000e+00
165  0.000000000000000000e+00 1.685862786033707295e+01 0.000000000000000000e+00
187  2.189999999999999858e+01 2.107328482542133941e+01 0.000000000000000000e+00
188  3.650000000000000000e+01 2.107328482542133941e+01 0.000000000000000000e+00
189  5.110000000000000142e+01 2.107328482542133941e+01 0.000000000000000000e+00
190  6.570000000000000284e+01 2.107328482542133941e+01 0.000000000000000000e+00
191  8.029999999999999716e+01 2.107328482542133941e+01 0.000000000000000000e+00
192  9.489999999999999147e+01 2.107328482542133941e+01 0.000000000000000000e+00
193  1.095000000000000000e+02 2.107328482542133941e+01 0.000000000000000000e+00
194  1.240999999999999943e+02 2.107328482542133941e+01 0.000000000000000000e+00
195  1.386999999999999886e+02 2.107328482542133941e+01 0.000000000000000000e+00
135 -1.460000000000000000e+02 0.000000000000000000e+00 0.000000000000000000e+00
136 -1.314000000000000057e+02 0.000000000000000000e+00 0.000000000000000000e+00
137 -1.167999999999999972e+02 0.000000000000000000e+00 0.000000000000000000e+00
138 -1.022000000000000028e+02 0.000000000000000000e+00 0.000000000000000000e+00
139 -8.759999999999999432e+01 0.000000000000000000e+00 0.000000000000000000e+00
140 -7.300000000000000000e+01 0.000000000000000000e+00 0.000000000000000000e+00
141 -5.839999999999999858e+01 0.000000000000000000e+00 0.000000000000000000e+00
142 -4.379999999999999716e+01 0.000000000000000000e+00 0.000000000000000000e+00
143 -2.919999999999999929e+01 0.000000000000000000e+00 0.000000000000000000e+00
144 -1.459999999999999964e+01 0.000000000000000000e+00 0.000000000000000000e+00
145  0.000000000000000000e+00 0.000000000000000000e+00 0.000000000000000000e+00
166  1.459999999999999964e+01 8.429313930168534696e+00 0.000000000000000000e+00
167  2.919999999999999929e+01 8.429313930168534696e+00 0.000000000000000000e+00
168  4.379999999999999716e+01 8.429313930168534696e+00 0.000000000000000000e+00
169  5.839999999999999858e+01 8.429313930168534696e+00 0.000000000000000000e+00
170  7.300000000000000000e+01 8.429313930168534696e+00 0.000000000000000000e+00
171  8.759999999999999432e+01 8.429313930168534696e+00 0.000000000000000000e+00
172  1.022000000000000028e+02 8.429313930168534696e+00 0.000000000000000000e+00
173  1.167999999999999972e+02 8.429313930168534696e+00 0.000000000000000000e+00
174  1.314000000000000057e+02 8.429313930168534696e+00 0.000000000000000000e+00
175  1.460000000000000000e+02 8.429313930168534696e+00 0.000000000000000000e+00
116 -1.386999999999999886e+02 -1.264397089525280293e+01 0.000000000000000000e+00
117 -1.240999999999999943e+02 -1.264397089525280293e+01 0.000000000000000000e+00
118 -1.095000000000000000e+02 -1.264397089525280293e+01 0.000000000000000000e+00
119 -9.489999999999999147e+01 -1.264397089525280293e+01 0.000000000000000000e+00
120 -8.029999999999999716e+01 -1.264397089525280293e+01 0.000000000000000000e+00
121 -6.570000000000000284e+01 -1.264397089525280293e+01 0.000000000000000000e+00
122 -5.110000000000000142e+01 -1.264397089525280293e+01 0.000000000000000000e+00
123 -3.650000000000000000e+01 -1.264397089525280293e+01 0.000000000000000000e+00
124 -2.189999999999999858e+01 -1.264397089525280293e+01 0.000000000000000000e+00
125 -7.299999999999999822e+00 -1.264397089525280293e+01 0.000000000000000000e+00
126 7.299999999999999822e+00 -1.264397089525280293e+01 0.000000000000000000e+00
146 2.189999999999999858e+01 -4.214656965084268236e+00 0.000000000000000000e+00
147 3.650000000000000000e+01 -4.214656965084268236e+00 0.000000000000000000e+00
148 5.110000000000000142e+01 -4.214656965084268236e+00 0.000000000000000000e+00
149 6.570000000000000284e+01 -4.214656965084268236e+00 0.000000000000000000e+00
150 8.029999999999999716e+01 -4.214656965084268236e+00 0.000000000000000000e+00
151 9.489999999999999147e+01 -4.214656965084268236e+00 0.000000000000000000e+00
152 1.095000000000000000e+02 -4.214656965084268236e+00 0.000000000000000000e+00
153 1.240999999999999943e+02 -4.214656965084268236e+00 0.000000000000000000e+00
154 1.386999999999999886e+02 -4.214656965084268236e+00 0.000000000000000000e+00
98 -1.314000000000000057e+02 -2.528794179050560587e+01 0.000000000000000000e+00
99 -1.167999999999999972e+02 -2.528794179050560587e+01 0.000000000000000000e+00
100 -1.022000000000000028e+02 -2.528794179050560587e+01 0.000000000000000000e+00
101 -8.759999999999999432e+01 -2.528794179050560587e+01 0.000000000000000000e+00
102 -7.300000000000000000e+01 -2.528794179050560587e+01 0.000000000000000000e+00
103 -5.839999999999999858e+01 -2.528794179050560587e+01 0.000000000000000000e+00
104 -4.379999999999999716e+01 -2.528794179050560587e+01 0.000000000000000000e+00
105 -2.919999999999999929e+01 -2.528794179050560587e+01 0.000000000000000000e+00
106 -1.459999999999999964e+01 -2.528794179050560587e+01 0.000000000000000000e+00
107  0.000000000000000000e+00 -2.528794179050560587e+01 0.000000000000000000e+00
108  1.459999999999999964e+01 -2.528794179050560587e+01 0.000000000000000000e+00
127  2.919999999999999929e+01 -1.685862786033707295e+01 0.000000000000000000e+00
128  4.379999999999999716e+01 -1.685862786033707295e+01 0.000000000000000000e+00
129  5.839999999999999858e+01 -1.685862786033707295e+01 0.000000000000000000e+00
130  7.300000000000000000e+01 -1.685862786033707295e+01 0.000000000000000000e+00
131  8.759999999999999432e+01 -1.685862786033707295e+01 0.000000000000000000e+00
132  1.022000000000000028e+02 -1.685862786033707295e+01 0.000000000000000000e+00
133  1.167999999999999972e+02 -1.685862786033707295e+01 0.000000000000000000e+00
134  1.314000000000000057e+02 -1.685862786033707295e+01 0.000000000000000000e+00
81  -1.240999999999999943e+02 -3.793191268575840525e+01 0.000000000000000000e+00
82  -1.095000000000000000e+02 -3.793191268575840525e+01 0.000000000000000000e+00
83  -9.489999999999999147e+01 -3.793191268575840525e+01 0.000000000000000000e+00
84  -8.029999999999999716e+01 -3.793191268575840525e+01 0.000000000000000000e+00
85  -6.570000000000000284e+01 -3.793191268575840525e+01 0.000000000000000000e+00
86  -5.110000000000000142e+01 -3.793191268575840525e+01 0.000000000000000000e+00
87  -3.650000000000000000e+01 -3.793191268575840525e+01 0.000000000000000000e+00
88  -2.189999999999999858e+01 -3.793191268575840525e+01 0.000000000000000000e+00
89  -7.299999999999999822e+00 -3.793191268575840525e+01 0.000000000000000000e+00
90   7.299999999999999822e+00 -3.793191268575840525e+01 0.000000000000000000e+00
91   2.189999999999999858e+01 -3.793191268575840525e+01 0.000000000000000000e+00
109  3.650000000000000000e+01 -2.950259875558987233e+01 0.000000000000000000e+00
110  5.110000000000000142e+01 -2.950259875558987233e+01 0.000000000000000000e+00
111  6.570000000000000284e+01 -2.950259875558987233e+01 0.000000000000000000e+00
112  8.029999999999999716e+01 -2.950259875558987233e+01 0.000000000000000000e+00
113  9.489999999999999147e+01 -2.950259875558987233e+01 0.000000000000000000e+00
114  1.095000000000000000e+02 -2.950259875558987233e+01 0.000000000000000000e+00
115  1.240999999999999943e+02 -2.950259875558987233e+01 0.000000000000000000e+00
65  -1.167999999999999972e+02 -5.057588358101121173e+01 0.000000000000000000e+00
66  -1.022000000000000028e+02 -5.057588358101121173e+01 0.000000000000000000e+00
67  -8.759999999999999432e+01 -5.057588358101121173e+01 0.000000000000000000e+00
68  -7.300000000000000000e+01 -5.057588358101121173e+01 0.000000000000000000e+00
69  -5.839999999999999858e+01 -5.057588358101121173e+01 0.000000000000000000e+00
70  -4.379999999999999716e+01 -5.057588358101121173e+01 0.000000000000000000e+00
71  -2.919999999999999929e+01 -5.057588358101121173e+01 0.000000000000000000e+00
72  -1.459999999999999964e+01 -5.057588358101121173e+01 0.000000000000000000e+00
73   0.000000000000000000e+00 -5.057588358101121173e+01 0.000000000000000000e+00
74   1.459999999999999964e+01 -5.057588358101121173e+01 0.000000000000000000e+00
75   2.919999999999999929e+01 -5.057588358101121173e+01 0.000000000000000000e+00
92   4.379999999999999716e+01 -4.214656965084267881e+01 0.000000000000000000e+00
93   5.839999999999999858e+01 -4.214656965084267881e+01 0.000000000000000000e+00
94   7.300000000000000000e+01 -4.214656965084267881e+01 0.000000000000000000e+00
95   8.759999999999999432e+01 -4.214656965084267881e+01 0.000000000000000000e+00
96   1.022000000000000028e+02 -4.214656965084267881e+01 0.000000000000000000e+00
97   1.167999999999999972e+02 -4.214656965084267881e+01 0.000000000000000000e+00
50  -1.095000000000000000e+02 -6.321985447626401822e+01 0.000000000000000000e+00
51  -9.489999999999999147e+01 -6.321985447626401822e+01 0.000000000000000000e+00
52  -8.029999999999999716e+01 -6.321985447626401822e+01 0.000000000000000000e+00
53  -6.570000000000000284e+01 -6.321985447626401822e+01 0.000000000000000000e+00
54  -5.110000000000000142e+01 -6.321985447626401822e+01 0.000000000000000000e+00
55  -3.650000000000000000e+01 -6.321985447626401822e+01 0.000000000000000000e+00
56  -2.189999999999999858e+01 -6.321985447626401822e+01 0.000000000000000000e+00
57  -7.299999999999999822e+00 -6.321985447626401822e+01 0.000000000000000000e+00
58   7.299999999999999822e+00 -6.321985447626401822e+01 0.000000000000000000e+00
59   2.189999999999999858e+01 -6.321985447626401822e+01 0.000000000000000000e+00
60   3.650000000000000000e+01 -6.321985447626401822e+01 0.000000000000000000e+00
76   5.110000000000000142e+01 -5.479054054609548530e+01 0.000000000000000000e+00
77   6.570000000000000284e+01 -5.479054054609548530e+01 0.000000000000000000e+00
78   8.029999999999999716e+01 -5.479054054609548530e+01 0.000000000000000000e+00
79   9.489999999999999147e+01 -5.479054054609548530e+01 0.000000000000000000e+00
80   1.095000000000000000e+02 -5.479054054609548530e+01 0.000000000000000000e+00
36  -1.022000000000000028e+02 -7.586382537151681049e+01 0.000000000000000000e+00
37  -8.759999999999999432e+01 -7.586382537151681049e+01 0.000000000000000000e+00
38  -7.300000000000000000e+01 -7.586382537151681049e+01 0.000000000000000000e+00
39  -5.839999999999999858e+01 -7.586382537151681049e+01 0.000000000000000000e+00
40  -4.379999999999999716e+01 -7.586382537151681049e+01 0.000000000000000000e+00
41  -2.919999999999999929e+01 -7.586382537151681049e+01 0.000000000000000000e+00
42  -1.459999999999999964e+01 -7.586382537151681049e+01 0.000000000000000000e+00
43   0.000000000000000000e+00 -7.586382537151681049e+01 0.000000000000000000e+00
44   1.459999999999999964e+01 -7.586382537151681049e+01 0.000000000000000000e+00
45   2.919999999999999929e+01 -7.586382537151681049e+01 0.000000000000000000e+00
46   4.379999999999999716e+01 -7.586382537151681049e+01 0.000000000000000000e+00
61   5.839999999999999858e+01 -6.743451144134827757e+01 0.000000000000000000e+00
62   7.300000000000000000e+01 -6.743451144134827757e+01 0.000000000000000000e+00
63   8.759999999999999432e+01 -6.743451144134827757e+01 0.000000000000000000e+00
64   1.022000000000000028e+02 -6.743451144134827757e+01 0.000000000000000000e+00
23  -9.489999999999999147e+01 -8.850779626676963119e+01 0.000000000000000000e+00
24  -8.029999999999999716e+01 -8.850779626676963119e+01 0.000000000000000000e+00
25  -6.570000000000000284e+01 -8.850779626676963119e+01 0.000000000000000000e+00
26  -5.110000000000000142e+01 -8.850779626676963119e+01 0.000000000000000000e+00
27  -3.650000000000000000e+01 -8.850779626676963119e+01 0.000000000000000000e+00
28  -2.189999999999999858e+01 -8.850779626676963119e+01 0.000000000000000000e+00
29  -7.299999999999999822e+00 -8.850779626676963119e+01 0.000000000000000000e+00
30   7.299999999999999822e+00 -8.850779626676963119e+01 0.000000000000000000e+00
31   2.189999999999999858e+01 -8.850779626676963119e+01 0.000000000000000000e+00
32   3.650000000000000000e+01 -8.850779626676963119e+01 0.000000000000000000e+00
33   5.110000000000000142e+01 -8.850779626676963119e+01 0.000000000000000000e+00
47   6.570000000000000284e+01 -8.007848233660109827e+01 0.000000000000000000e+00
48   8.029999999999999716e+01 -8.007848233660109827e+01 0.000000000000000000e+00
49   9.489999999999999147e+01 -8.007848233660109827e+01 0.000000000000000000e+00
11  -8.759999999999999432e+01 -1.011517671620224235e+02 0.000000000000000000e+00
12  -7.300000000000000000e+01 -1.011517671620224235e+02 0.000000000000000000e+00
13  -5.839999999999999858e+01 -1.011517671620224235e+02 0.000000000000000000e+00
14  -4.379999999999999716e+01 -1.011517671620224235e+02 0.000000000000000000e+00
15  -2.919999999999999929e+01 -1.011517671620224235e+02 0.000000000000000000e+00
16  -1.459999999999999964e+01 -1.011517671620224235e+02 0.000000000000000000e+00
17   0.000000000000000000e+00 -1.011517671620224235e+02 0.000000000000000000e+00
18   1.459999999999999964e+01 -1.011517671620224235e+02 0.000000000000000000e+00
19   2.919999999999999929e+01 -1.011517671620224235e+02 0.000000000000000000e+00
20   4.379999999999999716e+01 -1.011517671620224235e+02 0.000000000000000000e+00
21   5.839999999999999858e+01 -1.011517671620224235e+02 0.000000000000000000e+00
34   7.300000000000000000e+01 -9.272245323185389054e+01 0.000000000000000000e+00
35   8.759999999999999432e+01 -9.272245323185389054e+01 0.000000000000000000e+00
0   -8.029999999999999716e+01 -1.137957380572752299e+02 0.000000000000000000e+00
1   -6.570000000000000284e+01 -1.137957380572752299e+02 0.000000000000000000e+00
2   -5.110000000000000142e+01 -1.137957380572752299e+02 0.000000000000000000e+00
3   -3.650000000000000000e+01 -1.137957380572752299e+02 0.000000000000000000e+00
4   -2.189999999999999858e+01 -1.137957380572752299e+02 0.000000000000000000e+00
5   -7.299999999999999822e+00 -1.137957380572752299e+02 0.000000000000000000e+00
6    7.299999999999999822e+00 -1.137957380572752299e+02 0.000000000000000000e+00
7    2.189999999999999858e+01 -1.137957380572752299e+02 0.000000000000000000e+00
8    3.650000000000000000e+01 -1.137957380572752299e+02 0.000000000000000000e+00
9    5.110000000000000142e+01 -1.137957380572752299e+02 0.000000000000000000e+00
10   6.570000000000000284e+01 -1.137957380572752299e+02 0.000000000000000000e+00
22   8.029999999999999716e+01 -1.053664241271066970e+02 0.000000000000000000e+00
320 -2.263000000000000114e+02 3.835337838226683402e+02 0.000000000000000000e+00
321 -8.029999999999999716e+01 3.835337838226683402e+02 0.000000000000000000e+00
322  6.570000000000000284e+01 3.835337838226683402e+02 0.000000000000000000e+00
323  2.116999999999999886e+02 3.835337838226683402e+02 0.000000000000000000e+00
324 -2.993000000000000114e+02 2.570940748701403322e+02 0.000000000000000000e+00
325 -1.533000000000000114e+02 2.570940748701403322e+02 0.000000000000000000e+00
326 -7.299999999999999822e+00 2.570940748701403322e+02 0.000000000000000000e+00
327  1.386999999999999886e+02 2.570940748701403322e+02 0.000000000000000000e+00
328  2.920000000000000000e+02 2.613087318352245916e+02 0.000000000000000000e+00
329 -3.723000000000000114e+02 1.306543659176122958e+02 0.000000000000000000e+00
330 -2.263000000000000114e+02 1.306543659176122958e+02 0.000000000000000000e+00
331  2.190000000000000000e+02 1.348690228826965836e+02 0.000000000000000000e+00
332  3.650000000000000000e+02 1.348690228826965836e+02 0.000000000000000000e+00
333 -4.380000000000000000e+02 0.000000000000000000e+00 0.000000000000000000e+00
334 -2.920000000000000000e+02 0.000000000000000000e+00 0.000000000000000000e+00
335  2.920000000000000000e+02 8.429313930168534696e+00 0.000000000000000000e+00
336  4.380000000000000000e+02 8.429313930168534696e+00 0.000000000000000000e+00
337 -3.650000000000000000e+02 -1.264397089525280364e+02 0.000000000000000000e+00
338 -2.190000000000000000e+02 -1.264397089525280364e+02 0.000000000000000000e+00
339  2.190000000000000000e+02 -1.180103950223595035e+02 0.000000000000000000e+00
340  3.650000000000000000e+02 -1.180103950223595035e+02 0.000000000000000000e+00
341 -2.920000000000000000e+02 -2.528794179050560729e+02 0.000000000000000000e+00
342 -1.460000000000000000e+02 -2.528794179050560729e+02 0.000000000000000000e+00
343  0.000000000000000000e+00 -2.528794179050560729e+02 0.000000000000000000e+00
344  1.460000000000000000e+02 -2.528794179050560729e+02 0.000000000000000000e+00
345  2.920000000000000000e+02 -2.444501039748875257e+02 0.000000000000000000e+00
346 -2.190000000000000000e+02 -3.793191268575840809e+02 0.000000000000000000e+00
347 -7.300000000000000000e+01 -3.793191268575840809e+02 0.000000000000000000e+00
348  7.300000000000000000e+01 -3.793191268575840809e+02 0.000000000000000000e+00
349  2.190000000000000000e+02 -3.793191268575840809e+02 0.000000000000000000e+00
